>> A =[ -1,1,-1,0; -2,1,0,0; 4,0,1,-4; 4,0,0,-4]

A =

    -1     1    -1     0
    -2     1     0     0
     4     0     1    -4
     4     0     0    -4

>> A\[0;-1;-5;-3]


ans =

   -1.0000 = a
   -3.0000 = b
   -2.0000 = c
   -0.2500 = d

b)
>> hold on 
fplot('2*x^2-3*x+1', [0.5 3],'--')
fplot('-x^2+3*x-2', [0.5 3], '*')
fplot('-0.25*x^2+1', [0.5 3], '.')
legend('2x^2-3x+1', '-x^2+3x-2', '-0.25x^2+1')


