b)
>> x=-2; y=0; z=2; w=4;
>> A= [1,x,x^2,x^3;1,y,y^2,y^3;1,z,z^2,z^3;1,w,w^2,w^3]

A =

     1    -2     4    -8
     1     0     0     0
     1     2     4     8
     1     4    16    64

>> A\[sinh(cos(-2));sinh(cos(0));sinh(cos(2));sinh(cos(4))]

ans =

    1.1752
   -0.3781
   -0.4009
    0.0945

c)
>> fplot('sinh(cos(x))', [-2,4],'-')
hold on
fplot('1.1752-0.3781*x-0.4009*x^2+0.09453*x^3',[-2,4],'+')

